59 1840
14 954
22 710
62 1618
78 1029
67 740
71 917
34 1978
46 1278
72 1871
13 974
13 1766
28 1784
33 1708
49 688
45 1562
43 1829
65 1184
46 685
37 1663
29 151
38 1493
46 141
10 1502
68 1657
66 569
54 1225
52 1801
30 1750
17 1965
46 1793
59 947
18 1999
29 1368
42 327
22 1490
71 361
77 594
14 210
65 260
63 109
56 297
78 1164
58 1655
34 407
78 1231
78 948
45 1504
10 199
25 1770
12 1756
52 1461
10 1587
77 899
72 1035
50 1683
78 227
10 231
45 1917
41 185
38 1971
13 889
18 686
37 1850
23 533
57 942
73 35
35 767
72 173
22 784
42 706
21 499
34 627
14 1228
63 1252
78 917
77 756
57 1235
48 1114
63 1130
46 1360
44 1117
41 405
33 200
10 1789
50 1073
30 1180
66 1804
72 180
47 126
24 1578
77 1908
48 1023
21 854
67 46
45 86
74 833
20 973
30 1977
44 616
0